0.0278378756003571 -0.449686671405971 -0.0566696642449965 40 116 131 114 

-0.125718652882491 0.452130558895089 0.0356904677775623 8 57 

-0.195448182329953 -0.0215576514845919 0.011085346680068 34 22 

0.311543119850465 0.196125392733085 0.155455228392569 20 82 

-0.0272197649952615 -0.471989519586657 -0.165347086713259 127 7 

-0.00332033269678617 0.288446258500396 -0.0177424899714415 125 100 

-0.0140033312228488 -0.461810085293957 -0.146617959769178 5 105 

-0.116748453377627 0.440891006500466 0.033126232712538 26 2 

0.0412623332499774 0.0428584927738628 -0.0390473527740694 76 92 

0.191991773564723 0.356974241557203 -0.0909825773514171 102 39 

-0.157361016905837 0.492305626874073 0.0435471020581781 93 

-0.214311603587508 -0.488788346156583 0.0383259985091382 45 31 

0.0350480745605781 0.147407511326633 -0.0399642470592476 107 47 

0.255839584309092 0.170931554012239 0.118879575181509 69 104 

-0.317607496406334 0.0465102212612517 0.0128515931634259 61 85 

-0.152433567058368 -0.0588734375085406 0.00737717808428128 48 29 

0.286874891301571 0.394253679695488 -0.144006842408615 77 41 

-0.240759473201169 -0.495640058839032 0.0286667963178806 31 

-0.24176310722793 0.00697179295312289 0.0123775536509586 32 60 

0.322174807683644 0.201637828923936 0.162050034432287 106 4 

0.303645248879228 0.40011613044494 -0.15528948381227 77 

-0.178824608925351 -0.0359894520166127 0.00826812102182893 29 3 

-0.000918609115958731 -0.463981566351738 0.11087534032324 59 68 

0.152529051611088 -0.492696272877985 0.0210212496767257 75 112 

0.113355459853134 -0.47623069094328 -0.112295615365702 37 87 

-0.10570547031311 0.429228020817283 0.0323296702883577 89 8 

0.0845325542157475 0.300503362982948 -0.0594446099720576 50 95 

0.133222981570725 -0.487198917927555 -0.134941441329839 37 

-0.163726856568981 -0.0491849686215473 0.00785493077277427 16 22 

0.114848931893903 0.0983489873228275 0.0303738656550673 62 115 

-0.228308961191598 -0.492998537037882 0.0325098979567282 12 18 

-0.227712636181958 -0.00139069959269366 0.012028607762344 34 19 

-0.137917450000931 -0.463634333530575 0.0435130257399278 54 65 

-0.212037537616221 -0.0110180391489192 0.011326297899494 32 3 

0.136177558472379 0.330694326251691 -0.0752319701210813 51 83 

0.0256523089773276 -0.47177194714934 0.149219751599983 70 103 

0.124965100131081 -0.483057818871332 -0.126423606184482 25 28 

0.193488801608381 0.142356725027927 0.0816758556741986 43 55 

0.209538351670908 0.364959093086263 -0.0984427025611685 10 58 

-0.00903929314797059 -0.454340667147253 -0.106403059059578 105 1 

0.276325710299857 0.390057905757623 -0.137109778574969 17 63 

-0.0696848822858584 0.386775928451405 0.0210549482192387 99 72 

0.210919906856914 0.149978705286713 0.0922774824987131 38 94 

-0.334573467595563 0.0564264096455318 0.0159535128380536 117 61 

-0.198288322550206 -0.482586087620557 0.0395914317569964 111 12 

-0.0047817569277898 -0.236831875722581 -0.0554534861135205 66 96 

0.034322329748475 0.126448619280784 -0.0374228515794413 13 129 

-0.137365070812207 -0.0711317682682745 0.0049049565506607 16 98 

-0.104550548944336 -0.456880155102716 0.0321930327020145 54 118 

0.0955687412651838 0.307882522055623 -0.0653191119230117 52 27 

0.118977020494477 0.320839973241048 -0.0713560383760291 35 52 

0.10683804986003 0.313513711027964 -0.0668423687457776 51 50 

0.166633189884008 0.347060080313982 -0.0838238896296502 83 102 

-0.123537647645163 -0.461319702237839 0.037672448273667 49 33 

0.177015837514342 0.132373572104173 0.0707114133796681 38 84 

-0.293561545273197 0.0333336396871207 0.0112368589752748 85 73 

-0.137541596377916 0.467000731406823 0.0382591407336555 2 93 

0.2238484563546 0.370891275118792 -0.104144229165805 39 74 

-0.00376436081293109 -0.455418801796763 0.0947937845452902 122 23 

-0.25717246151638 0.0138607310711142 0.0130558245381163 19 73 

-0.324983814541904 0.0508001616463925 0.0133808712331925 44 15 

0.0962709836406902 0.0884467157789519 0.0190250239544026 91 30 

0.261072194554793 0.383861672431533 -0.126039684664966 41 74 

0.0285401468075244 0.215694566004399 -0.037639749922732 125 97 

-0.158218227560427 -0.469031664101487 0.0448266292582773 111 33 

-0.0104375994055098 -0.211541921291717 -0.067047606224654 46 79 

0.0328693984504849 -0.00322597409733802 -0.0493601994583096 126 92 

0.00190338613538699 -0.467286942900545 0.127637162126647 103 23 

0.238548466400385 0.162356954226226 0.109559259484292 94 14 

0.0360839653951396 -0.477594657414893 0.159130956497675 113 36 

-0.0480150636741302 0.359481226858206 0.0101261451253691 88 80 

-0.0784415469772637 0.397983468199913 0.0243896707261435 89 42 

-0.272562971258333 0.0233040154327 0.0121555028363538 60 56 

0.239018408785383 0.377019081191713 -0.111723036502821 58 63 

0.141201928969915 -0.488835373559869 0.0121105528690593 110 24 

0.047994265348118 0.0703442107567519 -0.0271020144901624 91 129 9 

0.296282578235908 0.398535996582188 -0.149894929785542 21 17 

-0.104447573612961 -0.0960040606125922 -0.0114115432912325 120 98 

-0.0125399710897269 -0.194959464288604 -0.0712900507937737 108 66 

-0.0383588908508194 0.347515640042544 0.00474991805261456 90 71 

0.0243116837420608 -0.0426201279753642 -0.0602943505930674 126 101 

0.298722490448831 0.191752547808422 0.147341436920013 4 86 

0.152495290722482 0.339181181850162 -0.0813671925647555 53 35 

0.161802187710051 0.124014029914355 0.062410575075504 128 55 

-0.30978019738794 0.0430441724297674 0.0133005862325434 56 15 

0.286723428918404 0.184334725233032 0.140214857394598 82 104 

0.0917487789025724 -0.464372108853429 -0.0961735907858046 116 25 

-0.0565023771171257 0.369736065180499 0.0157582574668137 71 99 

-0.0922965152628233 0.414027231765776 0.0272007329627403 72 26 

-0.0273422196653891 0.326698422789943 -0.00170621206822959 80 100 

0.0828521802228584 0.0804159169527923 0.00541230717782082 76 62 

0.0378652752531745 0.019049820185491 -0.0430040697985465 67 9 

-0.149920315073817 0.48348231685237 0.0404199525318737 57 11 

0.226239459204445 0.157612061872445 0.102280885334241 43 69 

0.0672460989075129 0.290026109158385 -0.0518576682793478 119 27 

-0.00136409119533078 -0.274376178220042 -0.041798291843802 46 109 

0.0312899245092396 0.185784300955305 -0.0384107304957233 107 64 

-0.121740349197442 -0.084430550559666 -0.00309378114089546 48 78 

-0.062648687122197 0.377826254228595 0.017835092267724 42 88 

-0.0137407456598891 0.305260253499278 -0.0113242278289709 6 90 

0.0182270366965284 -0.066590499743862 -0.0628907055526631 81 121 

0.179692483856262 0.351682568876609 -0.0868579408728506 10 53 

0.00983417020326159 -0.469430654499935 0.141029285284956 68 36 

0.275461037307766 0.178985994933816 0.131875790177024 14 86 

-0.00863205601663357 -0.455664629502037 -0.122542310403548 40 7 

0.33242952633202 0.208790560055661 0.168217954865906 20 

0.0331389302640034 0.163948154258369 -0.0379038431835142 97 13 

-0.0145165074163877 -0.178164700362901 -0.0701899399651366 124 79 

-0.00129186586754457 -0.315651943097959 -0.0265130285429121 130 96 

0.119885788801239 -0.478738439182076 0.00124465033407441 114 75 

-0.180016129307603 -0.475557409545564 0.0420513331367475 65 45 

0.160793018999254 -0.495154878590101 0.0242645758772471 24 

0.0414103387931698 -0.480871649441018 0.164511734996878 70 

0.0983758603995992 -0.467889693062936 -0.00302793468410806 1 110 

0.131336441923904 0.107919558260643 0.0418500929286379 128 30 

0.0682478144579317 -0.455876157575511 -0.0800883634187167 1 87 

-0.340783784843542 0.0592228265860965 0.0171634648742194 44 

-0.0860000378604869 -0.451567360374803 0.026917567320296 49 122 

0.0466133906747491 0.27508442431679 -0.041021534892337 95 125 

-0.0881651718696752 -0.106586076878387 -0.0207086662580383 123 78 

0.00848508238981169 -0.0873164553705762 -0.0672887269242664 101 124 

-0.0454750825160729 -0.438681142055679 0.0356111592419683 59 131 118 

-0.0706193923756097 -0.114342721870882 -0.0340206706514888 120 124 

-0.0252335501553594 -0.130994670715465 -0.0623560337289782 121 123 108 

0.0230949929471231 0.262316652730493 -0.029288779130435 64 119 6 

0.0300699658805706 -0.0186659745397 -0.0535303827794428 81 67 

-0.0338772783162022 -0.477617554921925 -0.1733018069502 5 

0.146146792310548 0.114962999342119 0.0523571602301226 84 115 

0.0350965708451031 0.107254042482713 -0.0362779909575508 47 76 

-0.00618683980259284 -0.354783895117971 -0.0183889715434491 109 131 

-0.00477948319869625 -0.414936936130529 -0.0115736670986853 130 1 122 

