131
11443
0.0278378756003571 -0.449686671405971 -0.0566696642449965 40 116 131 114 
-0.125718652882491 0.452130558895089 0.0356904677775623 8 57 
-0.195448182329953 -0.0215576514845919 0.011085346680068 34 22 
0.311543119850465 0.196125392733085 0.155455228392569 20 82 
-0.0272197649952615 -0.471989519586657 -0.165347086713259 127 7 
-0.00332033269678617 0.288446258500396 -0.0177424899714415 125 100 
-0.0140033312228488 -0.461810085293957 -0.146617959769178 5 105 
-0.116748453377627 0.440891006500466 0.033126232712538 26 2 
0.0412623332499774 0.0428584927738628 -0.0390473527740694 76 92 
0.191991773564723 0.356974241557203 -0.0909825773514171 102 39 
-0.157361016905837 0.492305626874073 0.0435471020581781 93 
-0.214311603587508 -0.488788346156583 0.0383259985091382 45 31 
0.0350480745605781 0.147407511326633 -0.0399642470592476 107 47 
0.255839584309092 0.170931554012239 0.118879575181509 69 104 
-0.317607496406334 0.0465102212612517 0.0128515931634259 61 85 
-0.152433567058368 -0.0588734375085406 0.00737717808428128 48 29 
0.286874891301571 0.394253679695488 -0.144006842408615 77 41 
-0.240759473201169 -0.495640058839032 0.0286667963178806 31 
-0.24176310722793 0.00697179295312289 0.0123775536509586 32 60 
0.322174807683644 0.201637828923936 0.162050034432287 106 4 
0.303645248879228 0.40011613044494 -0.15528948381227 77 
-0.178824608925351 -0.0359894520166127 0.00826812102182893 29 3 
-0.000918609115958731 -0.463981566351738 0.11087534032324 59 68 
0.152529051611088 -0.492696272877985 0.0210212496767257 75 112 
0.113355459853134 -0.47623069094328 -0.112295615365702 37 87 
-0.10570547031311 0.429228020817283 0.0323296702883577 89 8 
0.0845325542157475 0.300503362982948 -0.0594446099720576 50 95 
0.133222981570725 -0.487198917927555 -0.134941441329839 37 
-0.163726856568981 -0.0491849686215473 0.00785493077277427 16 22 
0.114848931893903 0.0983489873228275 0.0303738656550673 62 115 
-0.228308961191598 -0.492998537037882 0.0325098979567282 12 18 
-0.227712636181958 -0.00139069959269366 0.012028607762344 34 19 
-0.137917450000931 -0.463634333530575 0.0435130257399278 54 65 
-0.212037537616221 -0.0110180391489192 0.011326297899494 32 3 
0.136177558472379 0.330694326251691 -0.0752319701210813 51 83 
0.0256523089773276 -0.47177194714934 0.149219751599983 70 103 
0.124965100131081 -0.483057818871332 -0.126423606184482 25 28 
0.193488801608381 0.142356725027927 0.0816758556741986 43 55 
0.209538351670908 0.364959093086263 -0.0984427025611685 10 58 
-0.00903929314797059 -0.454340667147253 -0.106403059059578 105 1 
0.276325710299857 0.390057905757623 -0.137109778574969 17 63 
-0.0696848822858584 0.386775928451405 0.0210549482192387 99 72 
0.210919906856914 0.149978705286713 0.0922774824987131 38 94 
-0.334573467595563 0.0564264096455318 0.0159535128380536 117 61 
-0.198288322550206 -0.482586087620557 0.0395914317569964 111 12 
-0.0047817569277898 -0.236831875722581 -0.0554534861135205 66 96 
0.034322329748475 0.126448619280784 -0.0374228515794413 13 129 
-0.137365070812207 -0.0711317682682745 0.0049049565506607 16 98 
-0.104550548944336 -0.456880155102716 0.0321930327020145 54 118 
0.0955687412651838 0.307882522055623 -0.0653191119230117 52 27 
0.118977020494477 0.320839973241048 -0.0713560383760291 35 52 
0.10683804986003 0.313513711027964 -0.0668423687457776 51 50 
0.166633189884008 0.347060080313982 -0.0838238896296502 83 102 
-0.123537647645163 -0.461319702237839 0.037672448273667 49 33 
0.177015837514342 0.132373572104173 0.0707114133796681 38 84 
-0.293561545273197 0.0333336396871207 0.0112368589752748 85 73 
-0.137541596377916 0.467000731406823 0.0382591407336555 2 93 
0.2238484563546 0.370891275118792 -0.104144229165805 39 74 
-0.00376436081293109 -0.455418801796763 0.0947937845452902 122 23 
-0.25717246151638 0.0138607310711142 0.0130558245381163 19 73 
-0.324983814541904 0.0508001616463925 0.0133808712331925 44 15 
0.0962709836406902 0.0884467157789519 0.0190250239544026 91 30 
0.261072194554793 0.383861672431533 -0.126039684664966 41 74 
0.0285401468075244 0.215694566004399 -0.037639749922732 125 97 
-0.158218227560427 -0.469031664101487 0.0448266292582773 111 33 
-0.0104375994055098 -0.211541921291717 -0.067047606224654 46 79 
0.0328693984504849 -0.00322597409733802 -0.0493601994583096 126 92 
0.00190338613538699 -0.467286942900545 0.127637162126647 103 23 
0.238548466400385 0.162356954226226 0.109559259484292 94 14 
0.0360839653951396 -0.477594657414893 0.159130956497675 113 36 
-0.0480150636741302 0.359481226858206 0.0101261451253691 88 80 
-0.0784415469772637 0.397983468199913 0.0243896707261435 89 42 
-0.272562971258333 0.0233040154327 0.0121555028363538 60 56 
0.239018408785383 0.377019081191713 -0.111723036502821 58 63 
0.141201928969915 -0.488835373559869 0.0121105528690593 110 24 
0.047994265348118 0.0703442107567519 -0.0271020144901624 91 129 9 
0.296282578235908 0.398535996582188 -0.149894929785542 21 17 
-0.104447573612961 -0.0960040606125922 -0.0114115432912325 120 98 
-0.0125399710897269 -0.194959464288604 -0.0712900507937737 108 66 
-0.0383588908508194 0.347515640042544 0.00474991805261456 90 71 
0.0243116837420608 -0.0426201279753642 -0.0602943505930674 126 101 
0.298722490448831 0.191752547808422 0.147341436920013 4 86 
0.152495290722482 0.339181181850162 -0.0813671925647555 53 35 
0.161802187710051 0.124014029914355 0.062410575075504 128 55 
-0.30978019738794 0.0430441724297674 0.0133005862325434 56 15 
0.286723428918404 0.184334725233032 0.140214857394598 82 104 
0.0917487789025724 -0.464372108853429 -0.0961735907858046 116 25 
-0.0565023771171257 0.369736065180499 0.0157582574668137 71 99 
-0.0922965152628233 0.414027231765776 0.0272007329627403 72 26 
-0.0273422196653891 0.326698422789943 -0.00170621206822959 80 100 
0.0828521802228584 0.0804159169527923 0.00541230717782082 76 62 
0.0378652752531745 0.019049820185491 -0.0430040697985465 67 9 
-0.149920315073817 0.48348231685237 0.0404199525318737 57 11 
0.226239459204445 0.157612061872445 0.102280885334241 43 69 
0.0672460989075129 0.290026109158385 -0.0518576682793478 119 27 
-0.00136409119533078 -0.274376178220042 -0.041798291843802 46 109 
0.0312899245092396 0.185784300955305 -0.0384107304957233 107 64 
-0.121740349197442 -0.084430550559666 -0.00309378114089546 48 78 
-0.062648687122197 0.377826254228595 0.017835092267724 42 88 
-0.0137407456598891 0.305260253499278 -0.0113242278289709 6 90 
0.0182270366965284 -0.066590499743862 -0.0628907055526631 81 121 
0.179692483856262 0.351682568876609 -0.0868579408728506 10 53 
0.00983417020326159 -0.469430654499935 0.141029285284956 68 36 
0.275461037307766 0.178985994933816 0.131875790177024 14 86 
-0.00863205601663357 -0.455664629502037 -0.122542310403548 40 7 
0.33242952633202 0.208790560055661 0.168217954865906 20 
0.0331389302640034 0.163948154258369 -0.0379038431835142 97 13 
-0.0145165074163877 -0.178164700362901 -0.0701899399651366 124 79 
-0.00129186586754457 -0.315651943097959 -0.0265130285429121 130 96 
0.119885788801239 -0.478738439182076 0.00124465033407441 114 75 
-0.180016129307603 -0.475557409545564 0.0420513331367475 65 45 
0.160793018999254 -0.495154878590101 0.0242645758772471 24 
0.0414103387931698 -0.480871649441018 0.164511734996878 70 
0.0983758603995992 -0.467889693062936 -0.00302793468410806 1 110 
0.131336441923904 0.107919558260643 0.0418500929286379 128 30 
0.0682478144579317 -0.455876157575511 -0.0800883634187167 1 87 
-0.340783784843542 0.0592228265860965 0.0171634648742194 44 
-0.0860000378604869 -0.451567360374803 0.026917567320296 49 122 
0.0466133906747491 0.27508442431679 -0.041021534892337 95 125 
-0.0881651718696752 -0.106586076878387 -0.0207086662580383 123 78 
0.00848508238981169 -0.0873164553705762 -0.0672887269242664 101 124 
-0.0454750825160729 -0.438681142055679 0.0356111592419683 59 131 118 
-0.0706193923756097 -0.114342721870882 -0.0340206706514888 120 124 
-0.0252335501553594 -0.130994670715465 -0.0623560337289782 121 123 108 
0.0230949929471231 0.262316652730493 -0.029288779130435 64 119 6 
0.0300699658805706 -0.0186659745397 -0.0535303827794428 81 67 
-0.0338772783162022 -0.477617554921925 -0.1733018069502 5 
0.146146792310548 0.114962999342119 0.0523571602301226 84 115 
0.0350965708451031 0.107254042482713 -0.0362779909575508 47 76 
-0.00618683980259284 -0.354783895117971 -0.0183889715434491 109 131 
-0.00477948319869625 -0.414936936130529 -0.0115736670986853 130 1 122 
131
59
122
7
127
127
68
68
68
68
103
103
46
28
111
45
54
59
1
68
23
114
59
103
5
59
103
59
103
59
103
103
68
59
68
68
68
23
122
59
103
23
68
103
68
131
109
96
70
70
36
70
113
70
96
36
103
79
1
122
54
18
103
66
59
110
112
131
110
18
59
59
23
122
103
59
23
1
112
114
126
40
5
59
23
23
103
23
59
24
103
59
59
103
23
68
68
122
103
36
122
113
36
109
96
121
46
36
79
66
36
36
36
113
36
48
79
121
124
68
105
45
109
113
12
81
76
78
123
47
92
129
81
76
92
38
76
47
47
125
91
91
76
48
78
78
19
29
16
78
78
78
98
48
78
78
98
124
66
78
78
78
48
98
98
46
98
48
48
98
78
29
78
48
48
48
98
29
124
98
44
44
30
56
19
117
78
78
73
98
98
123
91
46
98
48
32
48
48
48
60
125
48
48
48
48
119
16
16
48
13
16
22
120
29
29
48
60
22
55
29
22
95
22
44
29
3
22
48
22
60
22
30
32
22
22
22
34
34
22
44
56
34
22
60
3
91
22
3
32
22
34
3
34
22
22
32
32
30
32
115
22
3
34
34
34
56
34
62
30
128
44
32
32
30
128
30
19
62
19
19
115
60
19
30
44
85
85
84
128
32
84
73
56
128
128
73
44
61
34
115
32
19
106
73
85
30
115
56
19
84
38
61
55
56
84
69
61
115
56
56
85
60
56
73
85
84
73
61
73
38
38
55
85
56
55
56
94
61
38
56
60
85
61
55
19
73
56
38
73
84
38
55
128
61
73
55
38
43
38
38
38
38
55
19
86
94
43
38
19
56
82
84
84
126
128
38
92
55
92
30
30
115
76
76
129
91
30
91
91
55
94
126
76
62
126
92
101
67
9
126
81
67
129
30
128
92
91
81
101
9
81
76
91
128
91
47
62
76
91
92
55
62
76
129
91
129
101
9
67
126
76
76
92
92
126
62
76
47
81
115
81
115
84
76
62
62
76
9
81
101
76
81
115
126
38
76
30
92
115
91
30
67
91
126
76
92
91
76
92
81
128
76
30
55
55
106
69
67
84
92
67
91
30
9
76
38
76
94
91
62
129
30
91
76
38
92
92
128
126
55
9
81
126
76
81
91
30
92
91
92
81
92
81
67
126
9
67
126
126
81
76
92
30
9
81
38
81
126
92
81
92
92
62
30
9
92
129
92
67
67
9
76
76
9
126
126
76
9
62
13
129
47
47
13
13
129
92
67
47
67
107
107
92
92
101
47
101
81
124
76
81
121
47
47
121
81
101
121
76
47
101
101
101
126
121
81
126
101
123
47
81
126
126
81
13
129
92
121
81
129
101
67
101
47
129
47
123
108
123
108
123
124
120
124
124
124
108
79
121
79
123
108
124
124
79
108
124
124
123
79
124
101
124
123
79
124
124
66
123
121
120
108
123
124
124
124
124
120
123
66
120
123
108
124
79
79
121
123
124
66
121
121
121
120
124
123
124
124
124
46
120
79
108
124
108
120
108
124
124
108
108
79
124
108
123
124
121
101
123
124
123
78
79
124
124
124
78
120
121
101
79
108
120
123
124
124
120
79
66
124
120
124
123
120
124
66
78
124
121
124
46
120
78
121
124
46
121
121
121
124
124
123
120
123
124
124
101
108
123
108
124
120
123
123
124
121
124
108
66
124
121
124
124
108
121
123
124
121
124
124
79
124
121
46
109
46
109
108
66
79
46
46
96
79
109
96
96
96
96
96
96
96
96
96
96
79
109
46
109
109
96
96
46
96
46
46
46
46
46
109
96
109
66
46
96
109
96
46
96
96
46
96
96
109
46
109
46
96
46
46
46
96
46
96
109
46
109
66
109
96
46
109
96
109
130
96
109
46
96
96
96
96
46
96
109
109
96
109
96
96
96
96
109
109
109
46
46
96
96
66
96
109
96
109
130
96
109
96
109
109
109
96
109
96
109
109
109
46
109
79
109
109
46
109
130
109
130
96
130
46
130
130
130
66
96
109
109
96
109
79
96
96
46
96
130
96
79
66
96
109
109
46
96
109
66
46
46
109
46
66
109
109
79
109
109
66
109
46
46
109
79
122
130
122
1
1
131
130
131
130
130
1
131
131
1
130
122
130
130
131
131
130
130
131
131
130
130
1
130
130
131
131
109
1
1
131
130
131
122
122
130
1
122
1
130
130
59
130
122
122
118
131
122
122
130
131
130
130
130
122
122
130
130
122
131
130
130
130
131
122
1
130
131
122
130
130
109
130
130
1
131
130
122
1
130
131
130
131
1
122
122
131
1
122
131
131
131
87
87
75
75
110
110
122
75
110
1
116
112
87
1
75
116
87
116
1
1
24
110
114
87
131
110
114
131
114
87
1
75
87
1
131
122
25
1
131
110
114
24
110
116
1
114
114
122
116
110
1
1
87
122
87
114
1
87
1
110
87
87
114
1
110
1
110
1
87
110
87
25
114
75
122
110
1
112
87
87
110
75
87
116
25
25
87
1
75
1
1
1
114
131
37
75
114
131
1
75
25
114
87
1
24
122
1
1
110
1
25
25
131
1
1
1
25
110
1
1
110
87
87
87
116
131
1
1
131
1
131
1
75
112
1
24
75
110
131
40
1
105
116
40
105
1
37
116
7
105
105
37
37
37
40
37
105
7
37
37
105
37
28
105
1
105
1
1
105
37
25
28
116
87
1
87
1
105
1
1
1
7
105
131
131
1
1
40
40
127
1
1
105
131
5
7
130
1
105
40
131
1
1
131
1
1
105
127
127
7
40
131
7
5
5
1
7
5
7
7
5
105
7
130
105
131
105
7
1
7
40
1
1
130
40
131
1
105
131
7
7
131
1
7
131
1
105
131
7
7
1
1
12
122
45
111
65
122
18
65
118
111
18
122
65
33
33
31
122
49
49
33
12
122
31
65
111
12
118
49
122
33
118
122
54
12
111
33
118
49
49
118
49
65
49
65
118
49
49
122
33
65
118
122
118
49
49
49
49
122
33
118
54
49
122
65
118
33
122
43
54
122
111
49
122
33
49
54
122
94
49
118
118
49
65
65
122
49
122
65
54
18
122
65
65
118
18
12
12
122
54
45
111
122
31
45
65
31
111
45
33
118
118
33
49
69
54
49
122
54
45
33
12
65
65
65
54
122
65
49
111
49
122
65
65
111
43
65
49
118
122
45
43
65
45
31
118
45
118
65
94
122
118
54
122
43
43
43
38
14
43
94
94
4
69
14
69
14
104
69
14
104
94
14
104
14
14
69
94
14
14
14
14
106
104
69
104
14
69
104
14
82
104
4
106
106
14
104
14
86
14
14
20
106
104
82
106
106
104
20
4
104
4
20
82
20
86
106
86
86
106
4
82
104
82
82
82
82
82
82
82
106
82
4
20
82
20
76
128
84
84
97
129
97
119
13
97
64
13
13
107
125
107
97
115
125
107
97
13
107
107
13
125
107
13
76
107
119
107
107
13
107
125
125
125
107
97
92
119
101
97
91
128
121
101
9
91
121
101
121
121
124
81
108
108
124
124
124
121
108
125
119
125
125
119
64
6
64
125
13
47
97
97
107
125
47
47
115
129
129
92
76
125
125
6
6
125
6
6
125
125
125
6
100
100
64
100
90
100
125
6
6
6
6
125
100
100
90
89
100
90
100
26
6
100
100
64
100
6
90
6
100
100
90
90
100
125
90
90
90
80
119
90
90
99
71
80
90
80
71
80
80
90
80
80
88
80
71
71
71
71
71
71
99
71
71
71
99
99
71
42
72
99
42
99
99
42
99
89
42
72
42
42
72
72
72
89
89
89
89
26
11
72
72
26
89
26
89
8
26
89
57
8
93
8
11
93
11
8
93
2
8
93
8
17
8
2
57
57
57
2
57
11
57
57
93
93
11
2
11
11
11
57
80
90
125
90
90
58
64
64
125
125
64
51
125
125
21
125
119
119
119
119
119
125
27
119
119
119
95
119
119
125
119
119
119
119
95
119
95
53
95
95
95
95
95
51
95
95
27
95
119
95
27
27
95
50
27
50
27
27
52
50
27
35
50
51
50
52
27
52
83
35
50
51
50
50
50
52
51
83
35
35
35
51
52
35
35
35
51
52
35
35
35
35
53
39
21
53
53
53
102
10
39
102
10
102
53
10
58
83
58
83
10
39
10
53
39
58
102
10
10
102
63
39
10
74
10
10
39
74
39
58
39
53
35
83
39
35
53
95
125
6
64
97
97
125
64
64
64
64
64
64
64
97
64
97
64
64
97
97
125
97
64
107
97
97
64
64
97
97
125
97
74
21
58
74
74
63
74
74
63
74
63
21
21
74
77
74
63
74
63
63
63
41
77
21
63
21
77
41
17
77
41
41
63
41
17
63
77
63
77
41
1
1
1
124
124
124
92
126
81
81
81
81
81
126
67
97
97
92
92
92
97
97
96
96
96
131
131
131
122
122
122
116
116
105
40
110
114
110
1
1
110
110
110
75
75
24
110
110
110
110
1
1
1
130
130
1
1
25
25
25
25
25
105
105
105
7
7
122
122
131
76
76
76
105
7
7
7
108
108
108
131
131
131
65
65
65
45
45
45
18
18
33
33
54
23
23
23
23
23
23
23
59
23
68
23
68
59
59
23
23
122
122
122
23
36
36
70
70
36
103
103
103
103
68
68
68
103
103
68
68
103
103
36
103
103
103
103
131
131
131
120
62
62
124
124
108
124
124
124
122
131
122
109
109
109
109
130
130
1
1
1
130
109
130
130
130
130
130
130
96
96
96
122
122
122
130
130
130
1
1
1
131
131
131
66
79
66
96
96
96
66
66
123
123
70
70
1
1
1
87
87
103
103
103
130
109
130
130
109
130
33
33
54
118
118
54
54
54
65
65
65
70
70
49
49
49
31
118
7
37
25
103
68
66
66
66
46
46
68
68
97
97
12
12
87
87
87
87
87
87
87
87
75
75
59
122
96
96
18
105
105
1
1
1
123
123
123
105
40
40
59
59
59
114
1
122
118
122
75
75
103
103
103
68
40
40
1
59
59
23
59
59
59
40
105
23
23
59
59
59
109
109
96
96
109
54
54
96
96
96
40
40
7
7
118
118
118
46
46
105
105
96
96
96
7
7
7
105
105
114
114
110
110
110
1
1
23
23
103
5
5
7
7
105
7
23
23
59
59
59
68
103
23
23
59
59
127
127
122
122
131
78
78
78
130
130
36
36
68
68
68
23
23
122
59
122
103
103
68
68
68
130
131
131
59
23
122
122
122
68
23
23
68
68
68
68
68
103
103
68
59
131
131
59
59
68
131
1
1
122
122
122
68
23
59
114
114
114
68
23
23
28
28
7
7
7
7
124
124
65
54
54
130
130
109
103
103
131
131
109
109
96
96
96
68
113
70
70
109
109
130
96
96
108
124
124
108
109
109
108
108
124
46
96
96
124
124
124
96
96
96
131
130
131
120
120
96
96
130
130
130
122
131
122
130
109
109
130
131
131
36
36
36
36
122
122
122
36
36
113
124
124
124
96
96
96
113
70
70
66
79
96
96
96
46
46
108
108
118
122
122
79
79
79
131
131
46
46
46
122
122
96
96
96
25
96
96
96
1
1
37
130
130
130
79
79
122
122
108
108
124
36
36
130
130
130
130
130
122
122
122
130
131
131
108
108
65
65
65
49
49
122
118
122
65
65
131
131
131
96
96
96
18
130
131
130
122
122
122
28
91
76
96
96
96
46
46
46
66
66
66
1
1
37
37
1
1
1
49
49
49
49
118
18
18
45
45
49
49
87
87
87
54
87
87
9
9
65
111
111
87
87
87
122
124
124
121
59
131
1
131
87
75
79
79
108
66
66
46
111
45
116
116
87
40
40
40
105
40
65
65
65
24
24
1
1
1
96
96
96
122
75
75
31
31
105
116
116
116
105
105
12
75
75
122
122
112
116
116
1
1
87
1
118
118
118
110
110
116
24
24
112
112
1
40
1
131
1
122
122
1
1
59
122
122
122
122
122
105
40
59
124
124
1
1
1
122
54
122
122
122
122
122
122
59
131
131
131
23
59
23
120
122
7
7
105
116
68
131
131
122
59
122
1
1
1
118
122
54
54
54
75
103
68
103
123
123
131
131
118
49
49
122
122
114
114
114
79
66
1
1
1
101
121
130
130
130
1
122
122
122
122
59
59
114
1
68
124
121
121
1
1
1
131
131
124
124
124
130
130
130
87
116
116
130
130
112
87
87
87
1
116
131
131
46
46
65
65
65
1
1
96
96
96
23
23
49
118
114
114
114
114
33
33
33
46
46
46
7
5
5
5
46
96
96
5
109
109
109
109
109
49
54
54
7
7
114
114
1
1
1
59
79
108
108
96
96
109
124
108
114
114
118
118
49
118
122
75
75
103
122
122
131
131
131
5
5
1
1
1
1
1
66
66
66
124
124
122
40
40
105
59
59
7
7
1
1
105
40
105
103
122
122
122
109
109
109
81
81
81
121
121
46
46
46
36
36
109
96
124
124
124
46
46
46
96
96
96
122
122
96
96
96
96
109
109
109
109
13
13
47
96
96
36
46
46
130
130
79
66
79
96
96
96
130
124
123
123
109
130
130
121
121
121
70
131
131
131
96
123
123
96
96
79
79
79
120
120
36
125
125
119
92
92
66
66
66
108
79
46
46
118
122
122
124
124
126
126
126
96
46
46
25
66
66
46
46
101
101
101
130
130
130
131
122
122
66
46
66
122
122
66
46
25
25
37
79
66
66
36
96
120
46
46
46
124
124
130
108
108
108
109
109
109
96
109
109
81
81
81
79
79
79
92
92
92
46
46
46
121
121
66
79
79
121
121
121
46
46
46
66
66
96
46
96
96
1
1
3
3
49
49
49
124
121
121
46
46
46
130
130
122
122
122
46
46
12
12
45
66
66
66
81
81
81
12
12
54
87
87
108
108
46
46
96
96
96
96
109
96
96
96
37
79
130
130
130
122
131
122
131
122
40
105
105
40
40
120
96
46
87
87
87
121
124
124
66
109
109
109
130
130
130
109
109
109
91
91
62
109
96
96
109
109
109
45
45
118
118
118
18
65
65
122
122
96
96
37
130
131
131
109
96
109
1
130
130
130
130
130
18
65
65
65
109
130
28
28
79
108
65
122
122
122
130
130
130
111
45
45
109
109
12
33
33
108
108
108
79
79
122
122
122
49
118
46
66
66
124
124
121
121
121
121
121
121
121
121
98
98
124
124
124
124
124
124
129
96
124
124
124
124
124
124
124
124
16
16
121
124
38
81
81
46
46
124
124
124
124
124
120
123
108
124
123
123
124
124
123
123
124
13
47
121
121
81
81
81
124
124
121
121
121
124
121
76
76
76
81
121
121
121
121
124
121
101
101
124
124
124
101
101
121
124
124
81
81
81
123
123
123
121
121
121
121
123
121
125
125
78
98
98
124
124
109
109
101
101
101
121
121
121
121
120
123
123
124
123
98
98
124
124
124
101
101
101
124
124
13
13
91
91
91
67
126
67
101
101
121
92
92
126
126
55
55
101
81
101
67
92
92
97
64
64
126
126
91
115
30
115
55
55
92
92
92
92
92
67
92
9
92
119
119
13
107
13
81
81
81
125
119
125
9
76
101
101
81
81
96
64
64
79
66
66
66
124
124
124
47
47
43
43
47
13
13
129
76
76
91
91
91
107
107
107
107
107
125
125
125
76
9
76
6
6
91
91
128
128
126
92
92
97
38
55
38
92
92
92
92
91
62
92
13
97
97
30
30
92
92
126
81
81
101
101
126
126
81
14
14
81
126
76
76
76
125
76
76
76
91
91
62
30
30
64
64
55
55
55
104
104
14
76
129
129
55
84
84
13
107
107
107
84
128
84
129
76
64
125
125
47
129
47
47
129
47
47
107
107
64
97
97
13
13
76
76
107
97
97
64
129
129
129
76
76
92
92
92
64
125
125
125
125
129
76
129
125
64
64
64
64
13
47
76
64
64
76
76
129
47
47
47
129
129
125
125
91
76
91
91
9
9
76
76
76
9
14
14
14
91
76
56
56
76
76
76
76
76
76
76
76
76
76
47
129
47
92
9
76
76
13
13
48
16
76
76
119
119
119
6
125
125
125
119
125
125
95
95
125
125
125
125
119
52
52
30
30
30
129
69
94
94
94
96
96
91
91
109
109
109
98
98
98
97
97
97
120
120
78
109
109
84
84
109
96
46
46
109
109
109
46
46
56
56
46
46
125
125
109
109
30
128
115
22
29
29
98
98
120
78
78
78
78
29
29
48
48
66
66
130
78
78
78
96
96
128
128
22
22
29
64
64
125
48
48
125
130
109
109
78
48
48
64
64
64
16
16
109
129
129
129
120
120
109
109
98
98
78
123
120
120
120
34
34
120
120
78
29
29
64
22
22
91
91
123
123
124
124
108
16
16
29
62
62
91
62
62
62
30
30
30
62
30
19
19
78
98
73
73
62
62
62
91
124
124
66
98
98
98
30
62
62
48
98
48
78
78
78
84
84
78
78
120
55
55
125
125
78
120
120
98
62
48
78
78
78
128
128
128
34
34
34
128
84
84
29
29
98
48
98
98
48
48
96
96
91
91
78
78
78
78
76
76
29
22
16
46
46
78
125
125
51
51
52
120
78
78
78
48
48
98
48
52
52
48
123
120
120
78
78
78
64
64
123
55
55
55
38
38
44
60
60
62
98
78
48
46
125
119
125
48
48
6
125
78
120
78
78
62
62
120
46
98
98
62
125
91
91
22
22
22
22
98
48
109
109
79
79
78
62
98
98
76
46
46
35
35
98
27
27
124
124
29
16
78
38
38
79
79
78
98
62
62
109
109
109
16
16
125
64
64
119
125
48
62
30
13
13
62
62
123
123
123
123
123
98
130
130
130
27
95
19
32
3
3
3
117
117
117
60
60
30
30
3
3
128
115
128
78
15
15
19
60
32
32
19
84
3
47
13
34
34
73
73
73
119
119
44
108
79
108
66
79
120
84
84
119
48
48
62
117
76
9
91
91
91
125
125
108
108
29
19
60
124
124
124
123
123
124
124
123
128
128
128
78
109
109
27
27
48
97
30
35
35
119
95
119
29
29
35
35
27
27
27
51
51
91
91
119
119
119
120
48
16
16
60
60
109
16
91
91
52
52
30
30
30
3
22
22
123
125
95
95
34
34
91
62
91
123
48
16
16
73
29
29
123
123
14
14
14
38
38
30
30
22
3
29
29
44
44
38
38
119
119
97
97
97
22
3
34
119
119
115
95
95
34
29
29
22
22
95
95
38
43
43
43
43
43
16
16
84
128
30
30
30
43
43
94
94
29
22
22
84
84
128
84
84
115
30
30
62
62
29
109
109
109
56
56
115
30
30
30
128
128
3
3
3
115
15
15
22
128
128
32
32
30
128
84
32
115
55
55
55
43
43
22
30
94
94
94
128
30
56
56
30
30
34
34
115
115
128
128
128
19
19
16
32
34
30
16
115
115
94
128
128
56
56
84
94
32
32
115
30
29
94
94
3
3
115
3
3
56
56
85
115
84
84
84
34
60
19
60
52
22
55
34
34
84
30
115
55
55
34
3
34
34
60
73
60
30
73
43
43
60
43
43
43
34
3
3
55
15
62
38
38
38
14
14
3
104
104
3
38
38
84
128
84
55
56
56
3
43
43
38
38
38
38
38
128
128
3
3
128
55
32
19
38
38
60
60
15
15
55
73
56
43
43
15
94
94
19
19
73
73
30
22
86
82
38
19
128
115
30
14
14
44
44
44
38
15
43
56
56
56
56
56
56
56
19
19
84
84
56
94
34
27
50
27
60
60
85
56
9
55
55
55
82
3
43
94
32
19
55
73
3
32
73
73
56
56
69
44
85
85
15
43
94
94
44
44
94
69
38
38
38
38
56
56
73
60
60
60
20
20
20
32
15
56
73
73
56
56
55
56
56
84
73
60
44
44
55
43
104
104
14
56
43
14
14
43
85
15
104
104
104
104
73
85
44
44
14
14
14
43
15
38
94
94
15
73
55
69
69
14
14
94
43
56
43
14
69
69
15
43
43
94
94
20
4
20
82
82
106
106
106
9
9
76
67
126
126
126
92
81
81
126
76
92
92
92
92
126
126
126
92
92
92
81
81
81
81
81
81
76
76
9
126
126
126
115
30
121
121
81
81
81
9
128
115
91
91
76
91
76
76
76
76
62
129
76
76
76
126
92
67
81
92
81
76
76
76
76
91
92
92
92
9
9
76
126
126
67
92
92
92
92
81
81
81
126
126
129
129
128
81
101
81
81
81
81
81
62
62
92
92
92
76
92
92
126
92
67
67
81
81
62
92
92
76
9
92
81
101
121
121
81
76
92
91
126
9
101
101
101
101
92
101
81
121
101
121
126
92
92
81
92
92
81
81
62
9
76
76
76
92
129
76
76
91
76
67
126
92
92
67
92
67
76
92
126
92
91
91
121
62
129
121
76
76
92
101
92
69
69
67
92
92
129
126
67
67
121
92
30
76
9
101
101
47
47
126
101
92
82
4
4
67
126
14
14
14
126
14
92
92
92
9
92
81
81
81
126
67
81
101
126
126
126
129
76
76
92
101
81
47
14
47
129
47
20
20
106
106
106
106
94
14
14
94
43
43
115
4
4
82
82
106
82
69
94
92
67
67
94
126
126
62
129
14
14
92
126
126
82
62
9
126
106
76
92
81
14
104
86
82
82
126
129
92
76
92
92
92
126
9
129
47
47
129
47
47
47
76
47
92
47
47
13
13
47
126
13
47
13
13
47
67
67
97
92
97
47
47
47
81
101
101
129
76
81
81
101
81
101
101
101
81
81
81
76
129
101
101
101
101
121
121
81
121
121
124
124
121
129
129
81
81
121
124
47
101
81
81
13
13
101
13
47
47
121
129
81
47
47
13
47
81
13
47
129
123
126
76
129
76
121
81
121
47
13
13
9
47
121
121
123
124
124
124
124
124
66
123
108
123
124
108
123
123
123
123
123
66
124
120
120
79
79
124
108
108
124
124
124
124
124
46
120
124
123
123
79
79
108
124
124
124
124
79
79
79
66
108
66
124
121
124
108
124
123
124
124
108
108
121
108
123
124
66
66
66
66
124
124
120
124
108
124
124
123
79
79
124
124
121
121
124
124
124
124
46
46
66
124
124
124
108
108
124
124
123
121
108
124
124
79
124
124
46
46
46
123
108
124
121
123
108
79
79
121
121
121
123
123
46
66
123
123
124
124
124
124
108
108
124
124
120
123
124
124
124
108
124
121
121
124
124
124
46
46
46
123
124
121
121
66
46
124
124
66
124
123
123
46
121
123
123
123
66
46
124
66
66
124
120
124
108
46
124
124
124
46
46
124
121
121
123
124
121
124
46
66
66
66
121
96
109
109
109
109
96
46
46
46
46
96
130
130
79
109
109
109
109
66
79
96
96
79
46
46
96
96
109
96
96
130
130
109
96
46
109
109
130
109
109
109
96
96
96
96
46
46
66
96
96
46
46
46
46
46
46
46
96
96
96
46
66
66
96
96
109
96
96
109
109
109
96
109
109
96
130
130
66
109
109
109
109
109
96
96
109
109
46
46
46
79
96
96
96
96
46
46
46
109
109
109
96
109
109
109
109
109
46
46
46
109
109
96
109
96
109
46
46
46
109
109
109
96
96
96
96
109
109
96
96
96
96
96
46
130
96
96
109
109
109
96
66
96
96
96
130
96
109
109
130
130
130
109
96
96
130
130
109
109
130
130
130
130
46
130
130
109
109
109
130
130
130
109
46
46
109
96
130
130
130
130
130
130
130
46
131
131
130
131
122
122
122
1
1
122
122
122
131
131
131
131
122
131
131
1
1
1
1
1
131
131
131
131
131
131
131
122
122
131
1
131
1
1
1
1
1
131
131
130
130
131
130
1
131
131
122
1
122
122
118
118
122
1
1
1
1
130
130
130
131
131
131
131
1
131
130
130
131
131
130
122
1
1
131
130
131
1
131
130
130
130
131
1
131
130
1
1
1
1
1
1
131
131
131
131
130
130
1
130
130
130
122
122
130
122
1
1
1
1
122
122
122
130
130
59
131
130
122
130
1
1
131
1
1
1
130
122
122
131
122
116
116
87
118
118
131
131
130
131
130
1
1
1
130
131
122
1
122
130
131
130
122
122
122
1
131
118
130
131
122
122
131
131
1
116
116
116
87
116
1
131
1
112
112
87
116
110
110
110
75
75
110
110
110
24
25
25
87
1
1
116
116
116
87
87
116
75
114
116
114
114
114
110
110
1
1
114
114
110
110
114
116
110
110
110
110
1
1
87
131
114
110
122
122
25
131
110
110
75
87
87
116
1
1
1
1
116
25
25
116
131
1
131
87
87
87
87
87
75
87
87
116
110
75
114
110
110
110
1
87
75
75
87
87
1
1
131
131
87
114
1
1
87
1
1
116
116
1
114
110
114
114
112
40
1
1
110
110
116
114
110
131
1
87
131
122
110
131
110
114
114
37
37
110
110
87
1
114
87
110
87
110
1
1
110
110
112
87
116
25
112
1
116
1
1
131
131
131
1
1
116
40
1
40
105
1
1
105
105
105
1
40
105
105
105
105
37
1
28
28
105
105
105
105
7
7
37
7
7
1
1
1
105
37
37
1
7
7
7
7
105
1
1
131
131
131
1
1
1
131
1
1
130
130
130
1
40
105
105
105
105
1
7
105
105
105
105
7
131
131
1
1
131
40
131
122
130
131
130
40
1
131
1
1
131
131
5
122
131
131
7
1
7
7
1
1
131
131
131
1
5
127
131
7
5
1
5
7
7
122
131
49
49
118
118
45
45
33
33
111
65
65
65
33
33
111
45
69
122
45
111
49
49
49
65
111
111
111
111
45
111
111
65
65
54
33
33
12
12
118
122
49
49
45
12
122
122
122
118
118
118
118
12
49
118
65
33
65
33
65
65
49
49
49
49
49
65
33
54
49
111
111
33
54
49
49
54
118
49
49
33
49
49
49
111
122
49
118
33
33
54
33
33
49
54
45
118
31
49
49
49
49
45
122
49
54
49
111
111
33
54
33
33
65
111
65
122
122
49
49
33
33
45
65
65
49
49
118
122
122
122
111
122
111
33
65
65
49
122
49
111
111
33
54
33
111
65
122
65
111
49
49
118
49
54
49
118
33
54
54
54
118
12
45
54
49
122
49
54
122
54
54
49
54
118
49
49
118
111
33
122
118
65
65
65
31
104
104
111
14
54
122
82
82
54
33
49
54
54
33
45
12
65
65
111
111
118
14
33
14
14
14
104
86
4
4
20
20
82
104
82
20
20
82
14
94
104
82
14
94
86
86
14
82
20
14
86
86
104
104
20
20
86
86
104
20
104
4
20
104
106
14
82
82
86
82
86
20
82
82
20
82
86
104
4
30
107
13
97
97
97
125
125
97
107
125
119
97
97
100
100
97
125
125
35
35
97
50
27
64
64
64
64
64
107
107
107
97
107
97
64
64
107
64
64
95
13
119
125
125
97
97
97
64
100
125
97
97
125
119
125
119
100
90
90
107
119
97
64
64
107
13
119
119
90
90
90
125
100
64
64
95
64
64
64
64
119
125
95
95
107
13
13
13
100
100
125
125
95
119
52
52
95
13
13
107
125
125
97
64
97
97
97
125
97
6
125
64
90
90
97
119
121
53
53
27
27
50
50
64
90
90
90
125
125
6
51
51
51
119
125
125
6
6
100
125
6
35
35
35
6
6
125
125
125
119
125
6
6
119
125
6
6
64
97
125
125
97
97
97
97
125
125
125
125
6
125
125
90
90
100
100
80
90
90
90
71
71
100
100
6
90
90
100
100
100
6
100
6
6
125
125
6
63
63
100
6
100
125
6
6
100
100
100
100
100
6
6
6
90
80
80
90
6
6
100
100
100
6
90
90
90
90
90
74
74
6
125
90
90
80
80
90
6
100
90
90
100
6
74
74
17
77
21
39
39
100
97
74
63
80
80
88
88
88
71
71
71
71
88
71
88
88
90
72
72
88
88
26
26
80
80
100
74
74
100
100
57
57
89
89
88
57
90
90
100
90
90
90
58
74
90
64
64
64
90
90
42
72
74
63
63
63
74
71
90
80
90
26
89
26
74
74
80
88
71
71
80
90
39
58
80
42
80
88
88
71
80
71
71
88
42
42
80
80
80
88
42
72
42
42
42
42
88
88
99
88
71
11
89
42
8
8
8
72
72
88
88
26
42
89
89
93
93
88
88
89
89
89
26
26
72
89
26
26
89
42
72
72
72
72
57
57
89
11
72
26
11
72
72
72
72
89
89
93
89
89
74
74
72
2
72
72
2
2
74
74
2
2
2
93
93
8
8
89
2
2
26
89
89
26
26
93
17
93
93
21
21
26
26
26
74
74
2
8
57
57
26
8
58
58
11
41
17
2
57
2
2
93
74
74
57
57
17
17
57
57
57
57
74
93
2
93
57
93
11
58
39
74
90
21
53
53
35
83
63
41
58
74
58
125
64
125
119
63
63
119
64
64
17
17
50
52
35
83
83
21
10
10
10
35
10
17
77
17
10
83
83
83
50
27
95
27
27
27
27
95
95
27
27
95
95
52
52
95
52
52
52
95
95
119
125
119
51
52
39
39
35
35
95
95
50
27
95
95
95
51
51
27
119
95
52
50
27
51
51
27
95
119
35
35
27
95
27
27
53
102
35
39
39
51
17
52
21
77
21
39
39
50
51
83
83
83
35
52
35
53
102
35
83
58
39
35
51
52
74
51
51
51
53
53
10
102
39
58
53
83
35
83
83
10
10
10
39
35
35
10
53
53
53
102
83
53
74
53
53
53
53
83
102
102
53
83
83
83
10
102
53
83
53
39
39
39
39
39
39
102
102
58
39
39
39
39
39
10
17
21
10
39
21
39
39
39
53
74
63
41
63
10
63
17
39
39
97
64
64
64
64
64
97
64
64
64
74
63
63
63
17
41
41
63
63
41
17
63
63
17
21
63
17
63
21
63
41
92
126
126
126
97
97
92
131
122
122
116
75
130
130
105
76
108
108
131
131
65
54
54
23
103
131
131
62
122
109
130
1
1
109
109
130
130
131
66
66
66
130
130
54
122
7
87
59
96
96
123
40
75
109
109
96
96
49
49
96
7
59
122
122
130
130
130
131
131
59
131
131
124
124
65
65
49
49
109
109
131
131
131
109
109
109
109
96
108
108
109
109
96
124
96
96
130
130
131
122
109
109
131
122
122
124
96
46
46
108
108
122
122
131
122
96
96
96
96
1
1
108
108
130
130
131
131
108
108
131
96
96
46
54
54
54
76
76
111
87
59
110
111
111
40
1
96
122
131
116
105
122
122
87
1
122
116
105
122
122
122
131
23
59
131
54
54
131
66
66
121
130
130
1
122
122
122
59
130
87
131
96
49
46
96
96
109
109
109
109
108
96
59
59
118
75
75
122
131
66
124
124
7
7
68
109
109
81
81
121
121
96
124
124
46
96
109
109
109
13
130
130
79
96
96
130
123
131
131
123
79
122
122
96
96
66
101
131
131
66
122
66
66
96
130
130
109
109
109
109
81
81
92
79
121
79
96
3
121
121
130
46
45
81
81
108
108
96
96
96
131
131
131
131
122
105
105
40
87
121
121
109
130
91
96
96
96
109
109
130
130
109
79
79
122
122
130
130
45
45
109
66
66
124
78
78
124
124
124
76
96
124
124
124
124
124
124
121
121
81
81
46
124
124
123
123
123
81
124
121
121
124
76
81
81
121
121
121
101
121
124
98
109
109
101
121
121
123
123
78
78
124
124
124
67
92
101
92
64
64
115
81
119
76
76
101
81
96
64
66
124
47
13
107
76
76
76
128
128
92
92
62
92
97
97
115
92
92
126
81
81
76
125
125
76
76
55
104
129
84
129
47
47
47
47
47
97
97
97
97
76
92
92
125
129
125
125
64
64
64
129
9
9
9
76
76
76
76
76
92
76
76
107
107
125
94
96
96
91
109
109
97
97
84
109
109
46
46
109
109
46
46
125
125
109
115
29
48
22
22
66
130
96
96
22
64
64
125
125
98
98
125
109
109
64
16
96
96
76
29
64
64
124
124
124
124
16
30
62
121
121
78
78
30
48
78
84
78
78
62
48
78
34
34
29
29
98
48
96
96
78
76
76
29
46
125
51
51
123
78
78
98
98
52
51
48
78
78
78
64
60
98
66
66
125
98
6
98
78
78
124
124
91
91
29
29
48
78
109
109
78
78
98
98
98
76
76
35
48
48
98
124
124
16
78
78
78
62
78
78
109
125
48
62
62
62
62
123
123
130
27
60
60
62
62
128
84
13
79
109
62
98
29
78
78
124
124
124
128
78
109
109
27
27
48
48
30
119
29
29
48
35
52
76
120
16
109
109
91
52
52
46
46
120
120
48
98
98
22
22
98
16
16
62
115
119
119
16
16
22
16
29
16
94
94
22
22
29
29
84
84
115
115
29
29
29
29
109
109
29
115
115
30
128
128
3
16
115
29
29
29
128
128
128
115
115
29
43
22
16
16
128
56
30
32
115
115
128
128
34
34
16
16
34
94
128
128
128
94
94
128
128
22
22
115
3
3
56
84
55
84
34
34
38
60
19
19
14
34
34
3
3
22
3
3
22
22
115
115
128
128
3
55
55
22
43
34
34
128
128
3
3
19
55
22
115
32
32
30
115
115
30
30
14
14
84
84
3
3
38
60
56
84
84
55
55
73
34
60
3
43
32
3
3
3
3
32
73
56
19
85
94
94
94
56
38
60
3
60
73
73
56
84
56
56
19
19
43
104
56
56
43
43
85
56
15
38
94
94
73
73
94
94
56
73
43
85
85
94
43
14
43
128
126
92
92
126
92
92
92
92
81
76
30
101
101
81
81
9
128
128
76
76
76
62
129
76
81
81
9
81
76
91
92
91
91
9
9
126
92
92
92
81
67
67
128
101
121
81
81
92
92
76
92
92
92
92
67
67
67
67
30
81
121
121
92
67
67
9
92
81
81
101
81
76
92
92
62
67
76
76
92
92
76
81
121
126
126
92
92
126
126
92
92
81
9
92
92
9
76
76
81
81
92
92
92
76
76
92
92
121
121
121
76
76
30
30
126
92
126
121
9
9
121
121
115
9
9
101
101
67
67
101
101
92
67
92
76
76
126
126
14
9
9
126
126
81
81
76
126
81
81
92
62
67
67
81
76
92
92
9
76
76
92
92
81
47
47
92
92
43
43
30
30
67
115
126
126
62
128
128
92
92
126
62
91
91
84
84
126
76
76
92
92
92
126
14
62
30
126
76
76
81
92
126
115
115
67
92
126
126
126
76
129
129
129
129
81
92
92
9
9
76
9
92
129
47
129
76
76
129
13
67
47
47
47
47
67
97
97
126
126
97
47
47
101
101
129
81
47
101
101
81
101
129
129
129
81
47
47
129
47
47
47
81
47
47
47
101
121
47
129
129
126
47
47
126
101
101
129
129
76
76
47
47
9
9
47
47
47
124
124
108
123
123
124
123
123
66
124
124
121
121
123
66
108
108
124
101
123
123
108
108
124
108
108
123
123
124
79
79
124
124
123
123
121
124
108
124
124
124
124
124
124
124
108
108
124
124
124
124
108
124
124
123
123
46
46
124
108
124
124
79
79
121
121
123
123
121
121
121
66
124
124
124
124
108
124
108
124
124
108
101
121
124
124
123
123
108
108
66
66
124
124
121
124
79
46
46
78
123
123
124
124
124
124
46
46
121
121
124
79
124
108
124
124
108
108
108
123
124
121
123
124
123
124
66
124
124
124
124
123
121
121
123
123
124
124
124
124
121
123
124
124
124
124
108
108
124
124
121
121
123
121
123
123
121
109
109
109
109
109
109
96
96
96
46
46
96
96
130
79
109
109
109
96
108
108
96
109
96
96
130
109
46
96
109
109
46
109
109
109
66
96
96
46
46
46
46
46
46
46
46
46
96
96
96
66
96
96
96
96
96
109
109
96
96
96
109
96
109
109
109
109
96
96
96
109
109
96
46
96
109
109
96
46
46
96
46
46
109
109
96
66
109
46
46
109
109
109
109
109
109
46
46
46
46
96
109
109
109
109
109
109
109
109
46
46
109
109
109
109
109
109
109
109
96
46
96
96
96
96
96
96
109
109
96
96
96
96
46
130
130
79
79
109
96
96
109
96
96
46
46
109
46
46
96
109
109
46
96
96
96
109
109
109
46
46
109
109
109
109
109
46
109
130
130
109
109
109
109
96
96
96
109
109
109
109
96
96
109
109
109
66
130
96
96
46
46
109
109
109
130
130
96
96
109
109
109
109
96
130
109
66
46
109
109
96
130
109
46
46
109
109
96
96
96
109
109
109
130
109
109
130
130
130
130
130
130
130
109
130
109
109
46
96
46
66
109
46
46
96
96
109
109
96
46
131
130
130
122
122
122
122
131
131
131
131
131
131
131
122
1
130
130
130
130
130
131
131
131
131
131
130
131
131
131
131
131
130
130
131
131
131
131
130
130
131
131
130
130
122
122
122
130
131
131
130
122
1
1
122
131
131
122
130
130
1
130
130
130
130
130
131
130
122
122
1
130
130
59
118
118
131
131
131
131
130
130
1
1
130
1
130
130
130
130
130
130
131
122
130
130
130
130
131
130
122
122
131
131
131
131
122
122
130
130
130
122
122
122
122
122
131
131
1
1
87
87
116
110
87
87
110
122
122
1
1
1
87
87
87
87
87
75
75
75
75
122
87
87
1
131
1
87
1
1
87
131
131
122
122
122
122
131
131
131
87
87
87
87
131
131
87
114
24
87
87
87
87
1
87
87
37
114
114
1
75
1
25
116
116
116
1
1
1
131
131
131
1
1
131
131
131
131
131
131
131
1
131
131
87
116
116
1
105
105
1
1
1
105
1
1
105
105
105
105
105
105
1
1
131
131
131
131
131
1
1
105
131
131
105
131
131
1
131
40
131
122
131
131
130
130
130
130
131
131
1
1
131
131
1
131
1
1
1
1
1
130
5
1
1
7
40
105
105
122
131
118
118
118
49
111
94
94
45
94
94
111
65
54
65
122
122
118
45
111
122
122
122
33
33
111
111
54
49
49
111
122
122
122
49
118
49
118
118
54
54
54
49
45
45
31
122
122
122
111
33
49
122
33
33
31
49
118
118
31
54
54
54
118
118
49
54
54
122
54
54
118
118
122
54
49
49
111
49
54
54
49
49
104
111
122
122
49
122
122
122
111
111
12
54
82
118
54
54
118
118
54
54
54
54
49
49
118
65
14
14
14
45
111
45
45
118
118
118
54
104
20
20
94
86
86
14
104
104
14
14
14
104
104
14
104
104
14
14
86
30
128
128
97
125
125
119
97
97
97
97
97
35
35
47
50
64
64
107
107
107
107
95
107
107
97
125
125
30
125
90
119
64
64
107
107
64
125
125
119
107
64
95
107
107
6
6
95
13
13
13
125
125
97
64
64
97
64
125
125
97
125
125
125
90
90
97
97
97
121
121
124
124
101
102
102
50
50
97
90
90
125
125
51
119
125
35
6
64
107
107
64
64
97
97
97
97
97
107
107
13
125
119
76
76
100
90
90
80
80
100
90
6
125
41
41
125
125
6
6
6
90
90
90
100
97
90
90
90
125
90
90
6
90
90
90
90
6
6
125
125
17
39
39
6
63
71
71
71
72
72
88
80
100
57
57
26
26
88
90
6
100
90
90
100
42
42
90
41
41
90
90
71
90
90
90
26
71
80
80
71
71
71
80
88
88
42
71
80
99
71
89
8
8
80
26
88
99
99
89
99
89
89
89
89
26
72
72
72
57
72
72
42
42
72
72
72
89
89
74
72
72
89
89
89
77
77
2
26
89
8
26
72
72
26
26
89
89
89
26
26
8
8
26
26
89
89
8
8
89
89
26
8
8
26
26
8
2
2
57
17
17
57
57
2
57
57
8
8
57
57
57
57
93
2
2
58
74
90
90
83
125
63
63
95
95
64
64
52
10
35
83
21
27
95
119
51
51
95
95
119
119
52
39
35
27
95
27
95
95
95
52
52
95
51
35
27
27
95
27
27
53
51
27
27
95
95
50
50
27
50
50
83
83
51
51
52
53
51
39
35
35
35
35
52
52
63
63
35
35
51
51
53
102
53
51
53
53
35
35
39
51
51
10
35
53
83
102
35
83
51
74
74
102
83
83
35
35
39
53
53
83
53
39
39
39
10
10
35
39
39
39
39
39
39
39
39
53
53
102
102
39
39
74
41
41
10
10
102
63
63
10
17
17
39
39
39
39
63
64
64
64
64
97
97
64
97
64
64
97
64
97
97
97
64
64
63
63
17
41
41
74
41
63
41
63
17
17
41
41
17
63
41
41
63
41
17
41
63
63
41
41
126
81
81
67
92
131
131
131
131
122
122
1
116
1
1
40
40
40
1
75
1
1
1
130
130
130
105
105
129
76
108
131
131
131
54
33
33
23
23
59
23
68
131
131
131
131
120
124
124
122
131
109
109
109
109
130
130
1
130
130
130
130
96
122
130
130
66
79
79
66
66
66
46
87
130
109
109
54
118
54
65
25
46
46
97
97
87
87
87
87
122
59
59
59
123
68
1
1
59
109
109
109
96
96
54
96
96
96
7
118
49
49
46
46
105
7
5
110
7
105
23
59
59
131
78
130
130
130
131
130
131
59
23
131
131
131
131
124
123
33
33
130
131
122
122
131
109
109
109
109
96
96
96
109
109
109
109
108
109
108
124
46
46
96
108
108
122
130
96
96
96
130
130
130
130
122
122
131
131
122
130
109
109
109
130
131
122
122
131
131
96
96
96
46
46
46
124
118
122
122
79
130
131
122
122
96
96
96
96
96
96
96
1
1
1
108
79
108
108
130
130
131
122
131
131
131
131
108
108
79
131
131
96
76
96
96
46
46
46
49
49
54
33
33
33
25
92
92
65
111
111
87
87
122
59
87
75
75
111
111
96
96
122
122
105
116
116
7
122
116
110
40
40
40
40
40
1
124
124
124
59
122
122
131
131
23
59
7
105
131
1
49
49
131
131
79
79
79
101
130
130
130
130
1
122
122
122
122
23
59
131
87
87
1
131
131
131
96
118
33
7
46
96
96
109
109
109
109
109
109
109
109
49
108
108
96
109
124
124
49
49
75
122
131
131
131
66
79
124
124
124
124
122
1
105
105
103
122
109
109
109
81
121
121
121
121
46
46
123
123
124
124
46
46
46
96
46
46
109
109
109
96
96
109
96
109
47
46
130
130
130
130
79
96
130
130
130
131
130
123
96
125
92
92
108
46
122
118
118
122
122
124
96
46
46
46
66
81
130
131
131
131
122
122
46
122
66
66
66
66
96
120
46
46
124
130
130
109
109
109
109
109
109
109
81
81
81
81
92
92
121
121
66
66
79
121
79
66
46
49
121
121
46
46
46
109
122
122
46
46
66
66
81
101
101
33
87
87
108
108
46
46
96
96
96
96
130
122
122
131
131
131
122
131
131
131
40
105
105
40
40
40
46
87
87
121
124
124
109
130
109
109
91
96
96
96
96
109
109
111
96
109
109
109
130
130
65
79
108
65
122
122
130
130
130
130
111
109
109
66
66
66
79
79
98
98
124
124
124
124
47
124
124
124
124
124
124
124
124
124
124
124
48
121
121
101
101
101
46
121
123
123
124
124
123
13
101
101
81
124
121
76
76
101
124
124
124
124
121
121
124
124
101
81
124
121
121
125
98
98
124
109
109
109
121
101
121
121
123
123
123
98
98
124
124
101
124
124
124
124
91
91
67
126
121
92
92
67
126
101
81
67
64
64
126
115
30
30
81
125
125
125
92
101
64
66
66
79
66
43
47
129
76
76
107
76
91
91
115
92
92
92
67
97
92
81
101
126
81
126
67
67
126
91
91
64
55
104
76
76
129
13
128
129
97
64
97
97
67
67
92
92
125
125
64
64
97
97
47
125
76
92
9
9
76
76
76
9
76
91
76
76
76
76
76
47
47
47
9
13
76
119
125
125
76
30
30
96
96
91
109
109
109
109
107
84
109
109
109
109
109
109
46
46
46
125
125
109
128
29
98
98
120
29
29
48
66
66
130
96
96
64
125
125
48
109
109
109
109
64
64
48
91
78
34
16
29
64
97
123
123
123
124
124
124
48
29
30
62
91
124
124
124
123
48
98
30
98
78
78
120
78
120
98
48
78
78
78
128
32
16
16
48
96
46
96
78
78
78
91
91
91
16
22
22
46
46
98
125
125
35
51
120
98
98
78
48
78
50
52
120
78
78
78
64
48
78
125
119
125
125
78
78
78
78
91
91
48
62
91
109
109
109
91
91
98
98
48
124
124
29
109
109
109
125
64
62
107
91
62
123
123
130
130
95
3
19
91
3
128
128
115
128
13
47
66
66
120
30
91
98
124
124
124
124
123
128
128
109
109
35
119
119
95
22
22
22
35
51
48
16
60
51
46
48
34
48
29
29
48
14
55
38
30
29
97
3
128
128
95
95
22
22
16
22
30
30
94
94
29
16
22
115
30
30
16
22
109
30
115
128
3
48
16
84
84
128
84
30
115
30
43
29
30
30
30
30
115
128
84
128
29
34
16
94
94
128
115
128
128
84
128
69
69
30
29
29
128
115
3
56
84
128
128
3
3
60
30
60
60
34
43
3
22
34
34
128
128
115
38
56
73
34
32
22
22
3
55
38
60
60
85
43
94
43
3
34
56
85
84
84
55
82
43
3
19
56
73
55
85
94
73
60
22
73
60
60
38
15
14
94
73
38
60
69
38
43
94
20
4
55
9
67
126
126
126
81
81
92
92
126
67
67
92
81
81
81
76
9
121
121
81
81
101
101
128
115
76
91
62
129
76
126
92
92
81
101
76
92
92
92
76
76
76
126
126
9
67
126
126
67
115
126
62
62
92
67
67
67
67
92
92
67
126
67
81
101
92
92
76
81
81
76
67
92
67
92
101
81
81
81
9
9
81
92
67
81
126
9
76
9
76
76
76
76
101
101
92
92
92
76
76
9
92
101
62
76
67
101
92
9
30
126
101
101
101
81
92
67
67
92
67
126
14
76
126
126
81
81
81
76
9
126
126
76
129
129
92
101
126
47
47
47
115
92
30
67
30
62
9
92
129
126
62
62
84
76
92
104
14
9
9
86
82
81
9
47
129
9
47
92
13
47
67
47
47
47
47
47
107
67
13
129
101
101
76
81
81
101
101
101
81
47
47
76
81
81
47
47
47
129
81
47
47
101
81
101
101
47
129
47
129
126
9
76
47
76
9
47
47
124
79
108
123
123
124
124
124
124
124
79
79
121
101
124
124
124
108
121
121
123
123
124
124
66
66
124
124
108
124
124
123
123
124
121
121
124
124
124
124
108
124
124
124
124
124
124
108
124
124
124
124
46
46
121
123
121
120
120
124
123
124
124
124
108
124
124
120
123
123
123
120
121
121
46
123
46
79
124
121
66
79
124
78
123
66
120
124
108
108
123
124
124
121
121
108
124
124
120
108
79
124
124
109
109
109
109
109
109
109
109
46
46
46
96
130
130
79
108
109
96
79
108
46
96
96
96
46
109
109
96
46
109
109
130
109
109
109
79
96
46
96
46
46
66
46
96
96
46
46
46
46
96
46
96
66
96
96
109
96
96
96
109
96
96
109
130
109
109
109
109
96
96
46
46
46
46
96
46
46
109
109
109
96
96
109
109
109
109
109
109
96
46
109
109
96
109
109
46
46
109
109
96
96
96
96
96
96
96
96
109
96
96
96
96
109
96
96
109
109
109
109
96
130
130
130
96
109
109
109
109
96
130
130
96
109
130
130
109
109
109
109
109
130
130
130
96
46
109
130
130
96
109
109
109
96
109
130
130
109
66
109
96
109
109
109
96
96
109
130
130
130
130
130
96
66
46
130
131
131
130
130
122
122
122
122
122
1
122
118
122
1
122
131
131
131
131
131
131
131
131
131
131
131
131
131
1
130
130
1
130
131
131
130
130
131
131
130
131
1
131
130
130
130
1
1
1
130
122
122
131
130
130
130
1
1
1
122
130
130
130
131
59
122
130
130
130
130
122
122
1
1
130
130
130
131
130
130
131
130
131
131
1
130
130
122
131
130
130
122
131
1
1
131
131
1
24
116
110
110
116
87
116
110
1
87
1
122
131
1
1
1
116
116
87
116
75
87
87
87
1
1
1
1
131
131
116
116
116
116
131
131
110
87
1
1
1
87
87
87
116
116
1
1
1
1
131
131
131
131
131
131
1
40
1
1
40
1
1
7
7
7
1
1
40
1
131
131
1
1
1
1
1
40
105
131
1
1
1
131
1
131
122
131
131
131
131
131
130
131
40
1
122
122
1
1
1
7
1
1
131
105
122
7
7
49
49
7
118
122
122
12
69
111
111
45
49
65
65
111
45
111
111
54
118
122
122
122
118
122
122
118
122
49
118
118
49
33
49
33
54
118
49
33
54
49
49
49
111
122
122
118
49
118
49
49
49
49
49
49
49
122
118
49
122
131
111
111
33
33
122
122
111
122
33
49
49
49
49
33
49
49
122
49
49
118
118
54
49
49
49
122
122
49
54
49
54
122
111
122
49
54
49
49
49
33
54
49
122
122
33
122
104
86
94
4
104
82
104
115
97
97
97
107
107
107
83
27
27
27
125
97
97
107
13
13
64
64
97
125
119
100
107
107
13
107
64
97
64
107
107
64
125
64
64
95
97
13
125
52
95
13
125
97
64
97
97
125
119
97
64
90
97
97
107
101
121
121
53
53
52
52
90
90
90
125
51
125
35
6
125
97
64
125
125
97
107
107
13
125
6
90
71
6
6
90
63
100
6
100
6
6
90
90
80
80
100
90
90
90
90
80
6
6
90
90
6
6
6
58
80
80
80
72
42
80
57
57
89
89
89
100
90
90
71
72
72
74
80
90
90
26
80
88
42
99
99
80
80
99
71
89
2
89
88
99
42
26
26
89
42
57
72
26
42
89
72
8
42
42
57
26
2
2
89
89
89
8
8
26
89
89
26
8
89
63
8
57
57
2
77
57
2
74
2
74
90
90
90
35
63
58
64
125
64
64
17
77
35
119
95
52
52
51
125
119
83
35
95
95
35
35
27
27
95
51
27
27
27
27
52
53
53
52
35
102
102
83
51
51
52
52
10
35
35
83
10
10
35
53
102
10
83
53
63
83
83
53
39
102
58
10
10
39
102
102
39
39
10
10
17
39
102
74
63
41
77
10
64
64
125
125
64
64
64
74
74
17
63
63
63
63
63
63
21
63
41
63
17
92
130
124
75
87
65
124
81
101
128
16
108
35
22
16
16
22
22
22
115
16
3
55
19
94
101
81
84
92
47
47
76
121
79
124
124
66
109
109
109
131
1
7
122
49
64
64
97
90
71
89
89
90
58
52
35
35
102
39
39
8
92
122
110
23
124
109
122
96
96
1
123
68
59
59
131
124
46
87
7
59
49
1
121
59
121
13
46
124
12
130
122
122
91
96
124
124
121
101
81
91
67
67
64
50
109
109
22
98
48
98
22
98
62
91
3
30
109
48
48
22
115
128
94
20
92
9
101
92
43
81
9
126
97
124
13
124
46
123
124
46
109
79
109
96
96
1
130
130
130
122
131
130
87
1
131
105
7
130
1
122
12
122
122
49
49
111
54
65
64
95
64
100
100
97
90
90
90
72
26
26
8
52
58
102
39
63
109
109
96
83
122
122
122
122
131
131
131
124
46
92
128
78
48
124
131
131
131
131
131
49
122
131
49
33
26
